image: map_final.pgm
resolution: 0.010000
origin: [-15.240000, -19.400000, 0.000000]
negate: 0
occupied_thresh: 0.65
free_thresh: 0.196

